2347
4205
892
1234
2668
5251
1
359
855
414
655
265
1156
517
1126
979
2339
1155
5340
1699
3785
1246
888
2436
1634
571
1315
4204
636
89
1680
10186
4828
1236
1371
1774
1271
394
5445
556
3096
3298
2630
6612
3318
887
267
2476
1601
4185
4007
4462
3579
249
3584
120
761
471
179
1
2346
281
1943
1246
2352
6117
1214
1679
554
2476
811
1
399
2447
3140
3640
1216
63
107
2883
2096
8411
2279
2866
846
782
1327
3181
617
290
213
1334
1413
4720
275
826
4622
806
336
365
1634
66
244
2401
4892
589
4759
741
848
1502
1900
163
1811
1857
2051
6060
1925
728
2523
636
290
1679
1222
5803
2490
1507
1223
1709
150
2998
1682
137
2297
394
1581
3207
5615
95
1916
4291
4620
1710
390
1334
391
4429
3358
1085
1159
1696
455
2240
5119
1029
984
1846
2886
2167
2701
354
4292
2469
2094
2213
2888
1007
986
2986
753
1014
4486
2904
1266
4262
6420
44
2292
1520
2088
214
321
3168
5785
191
1338
1013
1876
5534
1204
1093
659
2983
4621
3047
1856
855
13
3053
2072
423
929
1876
1645
33
4337
2588
1015
1418
4720
2993
2094
1406
56
752
5172
3610
2474
1748
201
478
1425
388
2830
5251
538
2510
1393
196
635
2917
1557
2906
581
5019
147
2604
1607
351
477
68
1156
87
307
92
1566
686
290
3942
807
1699
636
1753
6583
3740
773
